EPSILON1: 0.000001
EPSILON2: 0.000001
EPSILON3: 0.000001
MAX STEPS: 1000
STEP LENGTH MULTIPLIER: 1
